
28
104
52
1123
152
51
64
52
7
1238
30
141
1171
142
181
103
8
116
207
161
892
5
156
23
154
129
8
103
84
1331
2
53
143
92
159
102
1
223
12
6
46590
75
8
28
158
80
181
147
176
17976
492
90
155
26
118
197
1409
721
197
4
185
43
7
118
18
7826
64
150
216
168
628
42573
109
125
59
5
186
39518
176
58
111
419
78
1000
192
108
40896
21
36
36564
118
24
48267
510
108
188
1545
67
160
177
37
45
1352
84
1784
1916
24397
1944
117
126
141
161
104
560
157
39
4510
42
34
54
1046
90
1392
19074
760
187
122
191
94
762
44307
229
116
178
135
196
188
255
131
137
72
43
128
64
19
168
195
0
70
36
21
10651
39
130
841
84
39
1197
134
130
35442
62
162
63
150
197
171
82
32
81
190
61
142
19
159
181
26036
189
1340
168
64
21
32024
29316
75
74
1
4
183
1686
119
158
108
0
18
157
143
34506
834
171
1720
40938
17
1882
536
1939
1665
181
54
848
183
4873
825
901
195
176
193
110
63
39
408
92
112
36069
198
123
8
175
44320
17128
81
1770
165
167
1801
175
124
91
1016
56
28
21
102
93
30
155
162
18245
56
110
28
20538
1286
182
164
94
136
6746
144
108
197
125
95
65
55
96
24
44
145
178
88
172
30
134
1750
112
43646
24
16250
53
30
30
125
16
144
1221
97
7
15996
21
42959
160
122
35
9
183
19
1791
176
83
1083
28
24869
83
8
139
227
45
89
3805
50
92
193
14512
124
314
34
82
63
1559
33
211
1166
117
1256
148
10391
94
140
1
189
1529
22
107
190
74
33
175
5
190
875
17
19
180
1837
49503
163
91
15
1561
34105
39370
164
158
97
86
140
27
130
19
142
1500
28143
1656
10447
71
166
18
150
121
16948
62
1143
1928
20
154
1479
566
13227
1114
62
857
135
55
31
1396
140
139
84
1049
149
164
136
101
165
36
27297
134
199
39
120
82
75
12
9
1114
62
849
8
70
141
168
27633
18
89
70
130
12
165
151
105
4064
33271
1386
27
80
1863
120
90
170
12
463
1097
146
156
13611
94
1199
458
819
264
13
1734
44
111
1
116
92
153
95
14
180
71
729
111
692
14
129
157
187
8558
118
178
244
72
248
891
132
100
1076
58
197
866
67
86
1787
62
30
1856
817
153
1527
156
40
91
30
41035
1315
40
1579
98
193
0
116
1817
1288
1085
16012
77
193
12521
2
130
33353
189
136
0
261
186
133
159
24
103
92
1258
124
1773
650
109
180
181
173
378
147
185
92
129
543
556
158
93
1717
1133
568
124
1391
55
62
103
115
34675
1871
152
48
117
195
172
121
61
47
64
198
84
185
86
63
1569
1195
174
191
110
127
176
82
197
67
25
134
169
352
98
139
20
90
23
13394
11088
150
175
531
39082
12
40
35923
26
155
50
121
75
21
200
98
193
35
26924
58
135
160
26
167
87
46468
570
143
1155
173
136
194
165
51
1583
1948
370
793
115
46
38369
16479
85
1642
1366
91
112
75
28
69
42
20424
1979
127
179
46
31
27106
458
49523
50
37
52
463
67
198
17
138
1225
10
25
167
28
194
97
17
79
165
162
23952
14
30
1256
1
52
484
175
1892
34587
51
43783
119
1
1629
786
47483
25
8480
31
96
70
18242
1086
67
68
228
145
55
191
159
643
136
163
86
33041
157
128
109
11864
547
88
93
196
170
125
123
48
170
56
180
6522
193
6815
9
1
64
55
72
146
56
144
821
149
80
16560
124
193
76
42
68
42
112
56
82
16820
951
158
39
3
12693
194
53
149
22
186
171
179
68
61
151
137
132
196
68
15
12
54
127
2
26383
84
197
186
29
0
1862
10034
62
83
1335
170
184
593
193
7
85
115
158
97
117
976
124
46
23
4
144
63
47
25380
161
42
16
789
70
43
1
500
1534
174
109
90
1168
1074
7
86
1623
165
117
451
1991
156
9
8461
6425
118
12
1397
1830
9
61
106
13
49
1916
13534
1080
120
741
1382
152
15
130
1634
31345
63
160
26833
440
110
148
197
49
24
56
959
170
85
344
23809
112
23
1318
18
105
1547
56
40931
111
16383
35633
1317
1428
45
105
1563
44
25
57
106
121
98
6
1621
1429
41
136
108
1498
33
186
217
216
79
42347
14
79
69
57
158
1025
124
109
93
1572
135
48644
31
1234
1111
80
277
0
1563
31
98
99
182
32
44
25
42
147
89
10
108
119
96
60
91
1722
29077
170
99
48
132
98
61
1285
106
18204
83
177
2827
160
56
377
111
22
1356
115
1993
172
15
9
271
1678
85
115
23450
4057
177
15755
1860
108
122
1831
825
104
39119
169
18
46
196
7
111
86
1340
174
38
119
191
464
169
10779
1648
31
16
52
1532
1767
199
123
58
44
141
148
1583
1209
179
34904
77
85
3292
125
191
56
26
9
51
236
148
28
179
62
192
189
324
1944
1785
80
29154
33
42
126
150
48049
179
55
9
4
7
29
5716
74
54
153
63
17
178
18
150
1152
17
1869
114
152
1415
1827
193
120
1876
50
28
171
1902
87
5
176
163
165
106
142
95
177
34
1390
171
132
107
181
182
18
11861
146
175
80
958
44
127
8
102
129
197
1506
153
143
536
77
48
970
55
135
92
594
23
153
48647
513
92
186
90
95
186
137
181
832
540
1745
1325
123
115
113
1483
1697
193
1931
171
169
32
117
386
33366
142
37049
182
197
78
1700
94
1435
153
62
166
198
179
142
107
374
102
197
320
99
157
167
36
152
118
18
1333
97
185
66
118
160
126
155
158
327
154
68
55
1976
172
151
132
1
38360
173
53
14
164
98
39517
118
882
4801
10608
63
114
22457
176
1951
38
1043
4
179
113
77
74
111
146
141
573
161
13
1885
156
677
45
159
5179
135
249
83
44716
138
88
106
212
32
195
18004
125
156
1870
169
40
52
75
1481
1290
1259
408
166
54
19
48177
2
171
38
142
11
79
73
1701
23596
104
112
80
20
159
97
36
716
109
136
35658
0
38702
22370
199
42858
197
24736
13
1414
72
31080
33
84
30
793
62
82
89
78
17
52
640
100
75
1119
102
111
1468
156
111
1138
124
193
113
13
92
52
33918
868
5118
34
56
27
48908
101
166
172
180
44
46
126
141
45
14
21
2629
437
140
184
5251
24896
38260
124
78
6
107
146
118
134
81
1832
107
9
12
101
444
194
114
845
985
43462
117
81
17
148
93
115
17
78
190
40
1180
93
71
88
1460
39788
3
1583
31
185
39681
733
132
482
62
149
1560
24701
6
65
134
1895
182
34
70
7
135
16
194
126
66
29685
45
35184
83
0
7
55
46349
1141
122
6792
8282
29
183
824
24815
683
55
53
23038
155
19084
28337
195
150
102
192
178
80
161
20
20
114
12
130
106
19
36
119
121
1135
271
97
158
1612
0
29
11
160
83
58
98
127
2242
37
5
91
134
116
26900
98
162
102
84
917
79
145
101
54
1173
73
142
125
1535
114
1232
1697
154
113
145
103
21
60
1160
100
11
893
41707
89
871
1266
55
90
82
114
114
333
5
36
157
578
126
132
1082
905
136
416
36028
175
141
854
108
191
141
189
3
1887
111
33589
2
6
23
35336
1388
106
803
1730
97
17
16
17
181
1196
1823
80
1227
84
149
1837
86
123
123
55
8
3766
174
31
114
129
89
41992
142
606
65
670
54
15
1580
145
1101
150
28889
174
97
1047
31
18
78
176
1867
187
133
19
15
171
191
1705
29
1105
182
569
66
104
1017
93
122
1693
18605
61
186
68
187
20
147
20255
10
184
76
179
167
174
166
93
12
41130
110
149
92
119
6602
193
33
9647
195
1163
31721
862
135
847
184
40
413
1964
1018
131
161
19767
85
72
1077
16
77
219
1877
136
131
4
11
80
191
191
10
26
94
399
90
160
1936
972
147
164
175
141
186
104
189
47051
19
60
147
47
19
38
101
17
144
135
117
1172
92
146
53
887
105
1584
109
100
6
30
163
198
621
110
682
98
24
150
123
175
194
132
893
1386
130
129
28872
45
32690
46057
15575
48
45
35
92
155
40530
1201
170
78
131
27
31037
165
5
1039
33
48960
88
111
120
9
101
391
91
17
111
58
90
133
110
52
186
156
1839
138
131
169
198
1062
24978
130
36643
20
126
1863
144
23692
21
64
183
151
80
154
124
48
155
496
83
185
219
49
50
148
1886
36
112
197
79
106
53
5802
98
81
37890
22
1043
75
1967
5
44454
46
164
2
155
49854
159
1330
0
135
6667
1992
559
25
141
53
821
42
140
1647
815
534
307
197
160
166
181
160
6
21
103
1963
129
140
123
75
162
1205
118
164
82
66
63
45244
165
40
132
65
147
37
851
232
185
109
113
102
1160
2464
109
60
713
67
37
113
100
128
194
39067
94
25003
845
1375
118
162
74
183
51
117
1065
44
260
115
156
179
40
110
18
75
166
46033
585
312
35
154
71
402
35531
137
49
123
87
97
37917
14
14
9
117
136
10
58
141
45
60
185
180
43
63
949
20599
90
927
90
169
75
179
38
1796
81
199
130
73
154
45534
45
1917
153
46281
181
184
24163
570
123
188
152
79
197
91
103
793
65
68
74
151
189
80
456
144
47942
1892
198
127
77
141
97
178
55
133
79
44
122
79
120
42
25310
66
1831
27155
1659
41
1083
152
116
104
804
1135
108
157
31
122
900
340
16409
30
175
11774
80
185
185
140
15
129
237
11718
28
121
101
76
412
226
38
172
100
188
119
74
129
141
5600
185
188
570
58
1580
5285
59
14
12
31181
55
274
157
1725
162
143
138
1795
1088
193
28
1062
3177
14
0
58
759
234
54
1965
161
1872
51
93
45
154
186
14
59
16
139
105
171
9406
1642
972
88
79
165
1477
194
5
121
173
39786
171
149
148
46
151
89
135
188
38
1
137
72
75
112
1681
9
8
175
181
1627
29
21
194
184
139
92
180
162
166
50
131
134
59
118
123
566
121
1185
65
35230
35
39
148
68
25596
79
1211
103
1384
13
1538
183
16032
172
109
19
907
92
29
161
1750
176
62
163
61
1458
1876
16457
22
7
143
80
71
86
137
1383
148
181
132
1410
14619
153
1557
180
181
1135
16968
1
47
1647
1904
154
17
6
3
192
107
80
100
56
130
23561
863
1999
67
173
1908
48407
1340
143
57
90
1766
80
148
18
111
380
2647
4539
77
49
796
81
30
135
176
38016
102
1965
64
1739
43
52
163
39762
725
195
325
876
1556
264
3
38009
3
1049
187
281
115
97
176
160
162
43494
187
679
858
90
154
1325
96
33
102
155
61
55
51
169
195
792
14
140
99
1831
78
161
1964
123
11
1388
37
45
123
1111
81
28920
20367
41
184
111
1295
10
1269
96
131
94
40
173
198
100
39
697
188
1069
199
67
38
1442
73
189
63
85
1013
140
141
54
1180
1290
1665
171
185
11
49
7
67
713
43
75
898
3
38
140
16
92
49
710
1222
55
78
114
16083
2
14967
1180
96
926
112
100
869
45
199
379
96
199
2911
70
176
64
412
506
6
170
99
12784
149
174
1815
49672
51
90
1471
45
100
95
184
135
89
1343
1737
1900
54
44
52
73
3662
1248
62
133
197
177
88
80
160
65
53
146
125
1098
71
16
39026
100
16
58
36
158
163
23
53
147
50
141
1994
183
179
19
84
30107
11095
199
194
172
84
145
155
38700
190
134
159
38
42
470
16
185
204
78
28
5
23930
80
61
1350
43767
821
58
28
4
23780
25
1
23938
265
104
328
292
198
55
148
47
135
29
112
258
261
123
42569
121
31
168
92
162
58
28
13222
40
171
32659
1596
762
114
135
675
170
1233
964
97
141
77
59
36843
129
198
15
1103
1460
23
92
1073
11587
147
77
3
1334
50
84
114
88
197
175
268
18854
381
38
1526
257
97
45
137
115
173
126
75
141
616
41936
11
27
1887
66
1452
1855
18
31023
23
162
1109
1823
67
21088
86
116
294
79
197
100
176
935
100
57
1
131
30
179
106
86
12232
1002
46
63
114
93
101
1801
859
407
136
25277
152
123
37089
104
5
172
51
163
188
1706
157
36542
33
183
80
56
71
102
1152
146
5
126
44076
1187
6
445
471
76
1349
165
39
313
49
137
31798
41563
19
85
858
1167
109
129
43
14
177
621
99
52
187
36702
32
122
187
150
1285
79
1400
18
39
91
1210
18
1481
24
23
170
4
32
5368
141
135
144
70
131
2048
1974
100
34590
1048
872
79
1382
148
43580
68
89
142
450
127
1135
168
0
51
180
123
101
37
60
32961
110
95
130
742
160
1581
33
44
119
149
20
17
1552
30979
89
90
122
48
178
94
13
27621
70
38
396
134
36
52
54
1165
57
180
58
161
970
22
160
43
174
21035
159
211
155
5
1
177
3
1694
210
172
908
81
14
45
27
55
66
43804
35
115
1150
177
34
3136
40398
37
14
31
71
11318
39
23
41240
166
187
140
119
14807
936
175
121
150
1790
52
1682
31
88
134
85
26741
23
4821
127
366
66
18
16
107
36742
11
58
42
31
185
64
83
111
0
35
32
98
79
56
450
179
790
178
64
155
66
178
38191
179
145
326
39610
31
37478
140
711
68
54
177
113
187
42321
186
34
85
122
29
60
46502
1916
28119
62
42
162
131
46
11
177
16
104
163
136
18
27
50
137
70
146
1404
1049
555
1840
8
118
85
178
820
353
106
1973
182
350
90
47
143
83
125
189
14537
77
8
119
80
1410
116
37
1601
1949
150
166
1607
196
159
39
1746
22
100
27732
38
191
108
162
195
107
1401
46
1202
57
1022
49
1394
34931
49
56
845
44
1274
56
77
57
7
7
173
117
32086
3
1634
185
1
21
18883
75
63
22
55
90
276
157
185
122
1029
47
95
182
62
349
103
161
17
209
58
133
47
163
810
1364
144
94
87
1446
31461
0
23
63
54
23
71
111
135
964
108
25
11
67
177
1868
34
146
52
62
1767
87
31411
56
140
66
57
82
102
101
12
159
99
1796
107
46491
99
84
151
194
31
1202
93
17
1343
27
1257
156
799
21967
1457
45986
832
437
1962
131
90
103
100
1
130
134
155
198
1641
15
1639
155
193
662
500
159
131
904
23
62
191
44
59
3
152
180
184
1094
51
42
1880
6
63
112
35235
148
58
42303
175
177
150
47531
1066
142
814
58
904
41
36
14924
25
115
106
337
3064
24842
89
49209
18775
157
794
1271
28
40710
1506
80
46183
28
82
72
826
1592
112
67
119
61
33
185
96
10591
179
52
1123
29
1630
106
1595
108
199
18
31827
24
174
151
140
540
89
1780
24120
45932
15
131
146
53
166
72
165
190
47
1936
158
24
24
55
8314
29
50
168
139
1505
17
142
83
1395
167
149
193
590
78
32
60
5
34
12
952
1727
15
14
178
1264
74
30
1653
18
172
143
135
197
1232
41
161
38866
25243
116
137
116
11
17533
26
93
42
176
26
1506
137
124
106
87
64
62
180
1651
1620
198
1468
1409
193
181
6
1746
124
122
80
23
94
1798
45842
156
152
51
161
18469
30570
97
113
84
60
167
36
87
189
58
1795
979
37394
95
24066
1779
38
164
127
2
88
133
33
46
120
24
133
5
1713
55
144
29
150
35
112
5
920
79
7
158
51
77
1410
198
134
15848
164
28303
27
106
13431
1666
113
198
21
171
147
41551
9
167
37
161
4
2940
94
92
1313
353
57
60
97
115
14
74
392
48052
774
160
1888
55
51
35
1923
5497
43709
67
49018
156
1835
111
109
72
85
111
0
114
162
28
10027
730
104
0
1255
175
1062
42371
125
376
32
57
84
1879
148
28
59
1422
52
179
29
192
145
175
98
94
28745
160
114
34284
1111
9
171
115
55
412
190
48107
132
1323
1706
271
153
153
3
95
157
120
104
113
20
154
330
1
14
175
774
48661
85
116
157
128
63
880
901
13
58
127
23
96
34
38
672
200
411
13976
6
893
1233
76
185
35
458
954
724
100
2
101
23
1774
159
149
6
3
13
281
190
107
4
132
69
113
1057
2
20505
1405
1566
1056
79
1564
161
160
61
27
1244
112
518
40
190
46764
249
2
36
144
146
125
128
126
66
91
4
66
13285
28815
125
1011
167
337
207
52
16315
15
169
14
161
803
1145
170
1587
6
150
98
34722
84
1067
17536
1755
31
24
303
44190
26694
1054
